0.0661029815674	0
0.105404853821	0
0.14240193367	0
0.181220054626	0
0.218451976776	0
0.256180047989	0
0.297967910767	0
0.33703494072	0
0.376986026764	490
0.418345928192	0
0.455452919006	0
0.491589069366	0
0.528311014175	0
0.567924976349	0
0.605630874634	0
0.64434504509	0
0.683820962906	457
0.720911026001	0
0.759667873383	0
0.797358989716	0
0.8331990242	0
0.870189905167	0
0.907465934753	0
0.948657035828	0
0.986501932144	0
1.02435493469	0
1.0619559288	0
1.10142707825	457
1.13613796234	392
1.17279005051	0
1.2100110054	0
1.24838590622	0
1.28660202026	0
1.32490992546	900
1.36453485489	0
1.40293002129	434
1.44118690491	0
1.47937607765	242
1.51711201668	164
1.55713486671	206
1.59330487251	142
1.63169789314	1472
1.66831302643	1550
1.70641493797	142
1.74312186241	206
1.78057694435	2232
1.81601405144	2202
1.85328698158	158
1.88824105263	0
1.92560195923	122
1.96228790283	0
1.99855589867	0
2.04002285004	0
2.07494497299	0
2.11274790764	0
2.14995789528	0
2.18566989899	0
2.22536587715	0
2.26312398911	0
2.30263996124	0
2.34005999565	0
2.37529993057	0
2.41242384911	0
2.44805884361	0
2.48605895042	0
2.52194404602	0
2.55742192268	0
2.59499287605	0
2.62978386879	0
2.66617393494	0
2.70107293129	0
2.73623585701	132
2.77406406403	274
2.81152892113	206
2.85001897812	142
2.88850998878	1538
2.92418503761	1692
2.9606180191	206
2.99598407745	2232
3.03308296204	0
3.0688419342	0
3.10629796982	876
3.14645791054	0
3.18295693398	0
3.22241902351	0
3.26028895378	2462
3.30007600784	0
3.33637595177	122
3.37664699554	66
3.41796207428	0
3.4531390667	774
3.4923119545	206
3.52708888054	142
3.56707000732	1472
3.60653686523	1616
3.64528298378	142
3.68052601814	206
3.7198369503	2298
3.75651097298	238
3.79227399826	1726
3.83138799667	0
3.86826992035	122
3.90546584129	0
3.94124484062	0
3.97717785835	0
4.01649403572	0
4.05128598213	0
4.08956289291	0
4.12383103371	0
4.16351795197	0
4.20063900948	0
4.23968291283	0
4.27525687218	0
4.31235194206	0
4.35109400749	0
4.38809490204	406
4.42669701576	206
4.46655106544	142
4.5023829937	1472
4.54086995125	1550
4.57823586464	142
4.61814904213	206
4.65378904343	2298
4.69092106819	1206
4.73069095612	0
4.77372288704	0
4.81055188179	190
4.84896707535	62
4.88487291336	66
4.91988492012	352
4.95766496658	134
4.99476790428	0
5.03484892845	0
5.07467985153	134
5.11082005501	122
5.14577293396	0
5.18295192719	0
5.21852302551	0
5.25555801392	0
5.29294300079	0
5.33342289925	0
5.37079787254	0
5.40947294235	0
5.44876790047	0
5.48644900322	0
5.525359869	132
5.5650229454	0
5.6020989418	134
5.64192700386	0
5.67692184448	0
5.71341395378	0
5.75105190277	0
5.78756594658	0
5.82488584518	0
5.8631670475	434
5.90136504173	0
5.93896794319	0
5.97745394707	0
6.01664400101	0
6.05160593987	0
6.0895318985	0
6.12652587891	0
6.16566705704	0
6.20339584351	0
6.24094486237	0
6.27961492538	0
6.3169670105	0
6.35442185402	0
6.39152193069	0
6.43114805222	0
6.46866607666	0
6.50754189491	0
6.54223394394	0
6.58173489571	0
6.62008190155	0
6.65619397163	0
6.69308304787	0
6.73044085503	66
6.76795101166	0
6.80394101143	0
6.84344291687	0
6.88283395767	0
6.92030405998	0
6.95869588852	0
6.99543094635	0
7.03459405899	0
7.07216286659	0
7.11167693138	0
7.14671802521	0
7.18614602089	0
7.22141385078	0
7.26230192184	0
7.29711103439	0
7.33618307114	0
7.37460589409	0
7.41152095795	0
7.4509999752	0
7.48767590523	0
7.52772593498	0
7.56615996361	0
7.60538601875	0
7.64473891258	0
7.68402290344	0
7.72213506699	0
7.76026988029	0
7.79737591743	0
7.83672499657	0
7.8721780777	134
7.90956807137	0
7.94666790962	0
7.98860287666	0
8.02537202835	0
8.06399607658	0
8.09948086739	434
8.13619804382	0
8.17184591293	0
8.21163988113	0
8.24924206734	0
8.28495907784	0
8.32173895836	0
8.35672092438	0
8.39453291893	0
8.43211388588	0
8.46948885918	0
8.50698590279	0
8.54457092285	0
8.58375000954	0
8.61996197701	0
8.66020202637	0
8.69688200951	0
8.73652791977	0
8.7714600563	0
8.81013584137	0
8.84668493271	0
8.88198900223	0
8.92176198959	0
8.96353697777	0
8.99825692177	0
9.03608489037	0
9.07511091232	0
9.10999393463	66
9.14902997017	0
9.18375301361	0
9.22474598885	0
9.26153707504	0
9.30044984818	0
9.33593988419	0
9.37438988686	0
9.41152906418	0
9.45103502274	0
9.4863049984	0
9.52603006363	0
9.56108593941	0
9.59857106209	0
9.6343319416	0
9.67176294327	0
9.70935797691	0
9.7486140728	0
9.78567886353	0
9.82189393044	0
9.8605568409	0
9.89722800255	0
9.93561291695	0
9.9730360508	0
10.0103569031	0
10.0485038757	0
10.0862998962	0
10.123789072	134
10.1642680168	0
10.2014529705	0
10.2407069206	0
10.2761838436	0
10.3184909821	434
10.3563790321	0
10.3937010765	0
10.4331059456	0
10.4699800014	0
10.5103628635	0
10.5510618687	0
10.5885329247	0
10.6285359859	0
10.6670539379	0
10.7017450333	0
10.7425730228	0
10.7803099155	0
10.8200190067	0
10.8580610752	0
10.8944029808	0
10.9341030121	0
10.9692399502	0
11.0089149475	0
11.0470058918	0
11.0859558582	0
11.1218299866	0
11.1605889797	0
11.1972579956	0
11.2368099689	0
11.2717180252	0
11.3087530136	0
11.3477489948	0
11.3833899498	0
11.4215168953	0
11.4560668468	0
11.4947888851	0
11.5336489677	0
11.5715360641	0
11.6073129177	0
11.6448609829	0
11.6797580719	0
11.7177259922	0
11.7569849491	0
11.7941260338	0
11.8292250633	0
11.8665299416	0
11.9042048454	0
11.9421958923	0
11.9785208702	0
12.0153520107	0
12.0536549091	0
12.0898010731	0
12.1294310093	0
12.1662039757	0
12.2060830593	0
12.2436778545	0
12.2818539143	66
12.3179109097	0
12.3552899361	0
12.3934378624	0
12.4330160618	0
12.4692239761	0
12.506002903	0
12.5468139648	434
12.5842208862	0
12.6235489845	0
12.6613359451	0
12.6999249458	0
12.7364299297	0
12.7742898464	0
12.8110480309	0
12.847566843	0
12.8826420307	0
12.9199619293	0
12.9547679424	0
12.9952380657	0
13.0318589211	0
13.0707740784	0
13.1073670387	0
13.1445090771	0
13.1816859245	0
13.221269846	0
13.2585859299	0
13.295582056	0
13.3323910236	0
13.3724739552	0
13.4073638916	0
13.4425370693	0
13.480340004	0
13.5182919502	0
13.5567648411	0
13.5923640728	0
13.6289980412	0
13.6680090427	0
13.7052960396	0
13.7414488792	0
13.7773749828	0
13.8162209988	0
13.8526129723	0
13.8892099857	0
13.9262979031	66
13.9613900185	0
14.0022230148	448
14.0394968987	0
14.077947855	0
14.1175079346	432
14.152657032	348
14.1910200119	1596
14.2269179821	2352
14.264236927	106
14.2994618416	142
14.3354358673	206
14.3717989922	2536
14.4077739716	1074
14.4449870586	0
14.4862270355	0
14.523925066	190
14.5606510639	823
14.5962100029	62
14.6320149899	66
14.6693298817	352
14.7053389549	134
14.7419960499	200
14.7779510021	0
14.8169128895	0
14.8511250019	398
14.8877339363	0
14.9245400429	0
14.9589738846	0
14.9975669384	0
15.0326900482	0
15.0703020096	0
15.1075029373	910
15.1432468891	0
15.181607008	0
15.2165808678	2165
15.2546000481	750
15.289345026	0
15.3257029057	0
15.3611898422	2145
15.397400856	0
15.4344239235	750
15.479088068	0
15.5151588917	2007
15.5545549393	0
15.5910048485	3025
15.6277449131	2879
15.6625409126	0
15.6997740269	654
15.7358798981	0
15.7727849483	1988
15.8085739613	0
15.8436858654	184
15.8831160069	0
15.921697855	220
15.9578390121	66
15.9953980446	0
16.0346300602	0
16.0723180771	0
16.1080758572	0
16.1493499279	0
16.1850440502	0
16.2216029167	0
16.2600579262	0
16.2960460186	0
16.335780859	0
16.3739290237	0
16.4119820595	0
16.4503948689	0
16.4881379604	90
16.5244920254	0
16.5630309582	0
16.6004948616	0
16.6377499104	0
16.6763019562	0
16.7127449512	0
16.748513937	134
16.7885940075	0
16.8245499134	0
16.8631899357	0
16.9011209011	0
16.941133976	0
16.9811420441	434
17.0161259174	0
17.054017067	0
17.0903799534	0
17.1270809174	0
17.1635549068	0
17.2017128468	0
17.2387959957	0
17.2773828506	0
17.3139228821	0
17.3507828712	0
17.39011693	0
17.4301018715	0
17.4665520191	0
17.506362915	0
17.5442669392	0
17.5822780132	0
17.6202528477	0
17.6592099667	0
17.699256897	0
17.7385208607	0
17.7756729126	0
17.8142828941	0
17.8521199226	0
17.8889980316	0
17.9259190559	0
17.9655349255	0
18.001157999	0
18.0406739712	0
18.077837944	0
18.1171009541	0
18.1516609192	0
18.1907908916	0
18.2254428864	0
18.263890028	0
18.301651001	0
18.3393619061	0
18.3768770695	0
18.4154560566	0
18.4538490772	0
18.4927890301	0
18.5312769413	0
18.5696799755	0
18.6049768925	0
18.6461210251	0
18.6810629368	0
18.7169518471	0
18.7574849129	0
18.7949118614	0
18.8355309963	0
18.8710649014	66
18.9073338509	0
18.9462199211	0
18.9838819504	134
19.0221128464	0
19.0586259365	0
19.09573102	0
19.136687994	0
19.1717350483	0
19.2132549286	434
19.2480139732	0
19.2842869759	0
19.3257770538	0
19.363617897	0
19.4055240154	0
19.4415309429	0
19.478623867	0
19.517220974	0
19.553550005	0
19.5904760361	0
19.6288049221	0
19.6663689613	0
19.7023420334	0
19.7389168739	0
19.7752518654	0
19.810530901	0
19.8475790024	0
19.8866670132	0
19.9298210144	0
19.9731869698	0
20.0107848644	0
20.0515398979	0
20.0894348621	0
20.1266899109	0
20.1660079956	0
20.201294899	0
20.2373108864	0
20.2773170471	0
20.3156909943	0
20.3542809486	0
20.3926029205	0
20.4310240746	0
20.4705240726	0
20.5094180107	0
20.5467648506	0
20.588739872	0
20.627393961	0
20.6662380695	0
20.7036428452	0
20.741756916	0
20.7777919769	0
20.8175070286	0
20.8544080257	0
20.8933339119	0
20.9323959351	0
20.9677820206	0
21.0049200058	0
21.0397908688	0
21.0771708488	0
21.1148469448	0
21.1521630287	0
21.1903920174	0
21.2256429195	66
21.2628228664	0
21.303055048	0
21.3379318714	0
21.3760180473	0
21.4153630733	0
21.4503109455	0
21.4901618958	0
21.5301539898	434
21.5653419495	0
21.6018209457	0
21.6411108971	0
21.6766450405	0
21.7150070667	0
21.7540118694	0
21.7888228893	0
21.8281340599	0
21.8646230698	0
21.9018888474	0
21.9388790131	0
21.974642992	0
22.0131130219	0
22.0506808758	0
22.0854160786	0
22.1247448921	0
22.1626489162	0
22.1999969482	0
22.2389800549	0
22.2737278938	0
22.3107378483	0
22.3526098728	0
22.3917889595	0
22.4303879738	0
22.4673550129	0
22.5042209625	0
22.5411970615	0
22.5800049305	0
22.6225838661	0
22.6584239006	0
22.6963999271	0
22.7363109589	0
22.7742040157	0
22.811150074	0
22.8486618996	0
22.8866848946	0
22.9230890274	0
22.959102869	0
22.9979460239	0
23.0343048573	0
23.0736680031	0
23.1096980572	0
23.1484589577	0
23.1860020161	0
23.2242479324	0
23.2623519897	0
23.3013119698	0
23.3362619877	0
23.3718190193	0
23.4117429256	0
23.4488549232	0
23.4859478474	0
23.5223710537	66
23.5583159924	0
23.5953960419	0
23.6358659267	0
23.675178051	434
23.7124609947	382
23.7525179386	66
23.7888140678	280
23.8272540569	0
23.8647279739	66
23.9027049541	0
23.9388899803	0
23.9764089584	0
24.0147540569	0
24.0518229008	0
24.0903120041	0
24.129529953	0
24.1648049355	0
24.2027199268	0
24.2398879528	0
24.2771508694	0
24.3162970543	0
24.3520870209	0
24.3885970116	0
24.4232769012	0
24.4627480507	0
24.4981570244	0
24.5346620083	0
24.5722520351	0
24.6119129658	0
24.6509699821	0
24.687281847	0
24.7268979549	0
24.7621359825	0
24.8002748489	0
24.838547945	0
24.8743000031	0
24.9141190052	0
24.9536809921	0
24.9879350662	0
25.0253970623	0
25.0625309944	0
25.1006538868	0
25.1377649307	0
25.177175045	0
25.2140600681	0
25.2540400028	0
25.2914218903	0
25.328897953	0
25.3655209541	0
25.4016580582	0
25.4410710335	0
25.4808349609	0
25.5217850208	0
25.5567939281	0
25.5946309566	0
25.6321129799	0
25.6735630035	0
25.7094659805	0
25.7515389919	0
25.7874178886	66
25.8266708851	0
25.8635649681	0
25.9028999805	0
25.9394729137	0
25.9849128723	0
26.0223278999	500
26.0594089031	120
26.099848032	0
26.1364610195	0
26.1763968468	0
26.2164199352	0
26.2509419918	0
26.2892410755	0
26.3263339996	0
26.3692519665	0
26.4061329365	0
26.4449169636	0
26.4816830158	0
26.5190958977	0
26.5602738857	0
26.5967378616	0
26.6345980167	0
26.6749999523	0
26.7109379768	0
26.750592947	0
26.7849328518	0
26.8224139214	0
26.8623158932	0
26.8996808529	0
26.9381010532	0
26.9767720699	0
27.0126328468	0
27.0512669086	0
27.0866570473	0
27.1243009567	0
27.1607818604	0
27.2008340359	0
27.2376408577	0
27.2741918564	0
27.3137860298	0
27.3510458469	0
27.3903539181	0
27.42552495	0
27.4665389061	0
27.5030548573	0
27.5387048721	0
27.5752339363	0
27.6100120544	0
27.6483318806	0
27.6892340183	0
27.7250139713	0
27.7605090141	0
27.7985739708	0
27.8336119652	0
27.8686840534	0
27.9081058502	0
27.9444060326	0
27.9827709198	0
28.0193259716	0
28.0562570095	0
28.0949859619	0
28.133425951	0
28.1721730232	0
28.2106509209	0
28.2459850311	0
28.28323102	0
28.3194248676	0
28.3578670025	0
28.3932108879	0
28.4309098721	0
28.4708819389	0
28.5085289478	0
28.5480308533	0
28.58634305	0
28.624204874	0
28.6609349251	0
28.7000629902	0
28.7386260033	0
28.7744510174	0
28.8124308586	0
28.850579977	0
28.8854470253	0
28.9238729477	0
28.9609498978	0
28.9993200302	0
29.0359399319	0
29.0721960068	0
29.1101660728	0
29.1466529369	0
29.1860928535	0
29.2231669426	0
29.2597780228	0
29.297700882	0
29.3366458416	0
29.3717279434	0
29.4073648453	0
29.4430408478	0
29.4796350002	0
29.5153448582	0
29.5502328873	0
29.5854170322	0
29.6251058578	0
29.6732280254	0
29.7107989788	0
29.7484128475	0
29.7836790085	0
29.8212149143	0
29.8570568562	0
29.8928039074	0
29.92811203	0
29.9662909508	0
30.0030510426	0
30.0383479595	0
